[gd_scene load_steps=10 format=2]

[ext_resource path="res://cube.tscn" type="PackedScene" id=1]
[ext_resource path="res://rock_tan.tres" type="Material" id=2]
[ext_resource path="res://circle_roof.obj" type="ArrayMesh" id=3]
[ext_resource path="res://structure1.gd" type="Script" id=4]
[ext_resource path="res://house.gd" type="Script" id=5]

[sub_resource type="CylinderMesh" id=4]

[sub_resource type="CylinderShape" id=5]

[sub_resource type="CylinderShape" id=2]
radius = 1.14537
height = 0.275617

[sub_resource type="CylinderShape" id=3]
radius = 1.1631
height = 3.22083

[node name="circle_house" type="Spatial" groups=[
"targets",
]]
script = ExtResource( 5 )

[node name="StaticBody" type="StaticBody" parent="."]
transform = Transform( 1.17968, 0, 0, 0, 1.17968, 0, 0, 0, 1.17968, 0, 0, 0 )

[node name="MeshInstance" type="MeshInstance" parent="StaticBody"]
mesh = SubResource( 4 )
material/0 = ExtResource( 2 )

[node name="CollisionShape" type="CollisionShape" parent="StaticBody"]
shape = SubResource( 5 )

[node name="wall" type="Spatial" parent="." groups=[
"walls",
]]
script = ExtResource( 4 )

[node name="Spatial10" parent="wall" instance=ExtResource( 1 )]
transform = Transform( 0.309017, 0, -0.951056, 0, 1, 0, 0.951056, 0, 0.309017, 0.27196, 1.36002, 0.837006 )

[node name="Spatial14" parent="wall" instance=ExtResource( 1 )]
transform = Transform( -0.809017, 0, -0.587785, 0, 1, 0, 0.587785, 0, -0.809017, -0.726056, 1.36002, 0.527511 )

[node name="Spatial13" parent="wall" instance=ExtResource( 1 )]
transform = Transform( -0.809017, 0, 0.587785, 0, 1, 0, -0.587785, 0, -0.809017, -0.732247, 1.36002, -0.532008 )

[node name="Spatial12" parent="wall" instance=ExtResource( 1 )]
transform = Transform( 0.309017, 0, 0.951056, 0, 1, 0, -0.951056, 0, 0.309017, 0.284244, 1.36002, -0.874814 )

[node name="Spatial11" parent="wall" instance=ExtResource( 1 )]
transform = Transform( 1, 0, 0, 0, 1, 0, 0, 0, 1, 0.958295, 1.36002, 0 )

[node name="Spatial15" parent="wall" instance=ExtResource( 1 )]
transform = Transform( 0.794128, 0, -0.60775, 0, 1, 0, 0.60775, 0, 0.794128, 0.729583, 1.67795, 0.595666 )

[node name="Spatial16" parent="wall" instance=ExtResource( 1 )]
transform = Transform( -0.332605, 0, -0.943066, 0, 1, 0, 0.943066, 0, -0.332605, -0.267811, 1.67795, 0.907157 )

[node name="Spatial17" parent="wall" instance=ExtResource( 1 )]
transform = Transform( -0.99969, 0, 0.0249032, 0, 1, 0, -0.0249032, 0, -0.99969, -0.874139, 1.67795, 0.0382577 )

[node name="Spatial18" parent="wall" instance=ExtResource( 1 )]
transform = Transform( -0.285237, 0, 0.958457, 0, 1, 0, -0.958457, 0, -0.285237, -0.231684, 1.67795, -0.820824 )

[node name="Spatial19" parent="wall" instance=ExtResource( 1 )]
transform = Transform( 0.823404, 0, 0.567456, 0, 1, 0, -0.567456, 0, 0.823404, 0.81975, 1.67795, -0.482992 )

[node name="Spatial20" parent="wall" instance=ExtResource( 1 )]
transform = Transform( 0.309017, 0, -0.951056, 0, 1, 0, 0.951056, 0, 0.309017, 0.27196, 1.99485, 0.837006 )

[node name="Spatial21" parent="wall" instance=ExtResource( 1 )]
transform = Transform( -0.809017, 0, -0.587785, 0, 1, 0, 0.587785, 0, -0.809017, -0.726056, 1.99485, 0.527511 )

[node name="Spatial22" parent="wall" instance=ExtResource( 1 )]
transform = Transform( -0.809017, 0, 0.587785, 0, 1, 0, -0.587785, 0, -0.809017, -0.732247, 1.99485, -0.532008 )

[node name="Spatial23" parent="wall" instance=ExtResource( 1 )]
transform = Transform( 0.309017, 0, 0.951056, 0, 1, 0, -0.951056, 0, 0.309017, 0.284244, 1.99485, -0.874814 )

[node name="Spatial24" parent="wall" instance=ExtResource( 1 )]
transform = Transform( 1, 0, 0, 0, 1, 0, 0, 0, 1, 0.958295, 1.99485, 0 )

[node name="Spatial25" parent="wall" instance=ExtResource( 1 )]
transform = Transform( 0.794128, 0, -0.60775, 0, 1, 0, 0.60775, 0, 0.794128, 0.729583, 2.31278, 0.595666 )

[node name="Spatial26" parent="wall" instance=ExtResource( 1 )]
transform = Transform( -0.332605, 0, -0.943066, 0, 1, 0, 0.943066, 0, -0.332605, -0.267811, 2.31278, 0.907157 )

[node name="Spatial27" parent="wall" instance=ExtResource( 1 )]
transform = Transform( -0.99969, 0, 0.0249032, 0, 1, 0, -0.0249032, 0, -0.99969, -0.874139, 2.31278, 0.0382577 )

[node name="Spatial28" parent="wall" instance=ExtResource( 1 )]
transform = Transform( -0.285237, 0, 0.958457, 0, 1, 0, -0.958457, 0, -0.285237, -0.231684, 2.31278, -0.820824 )

[node name="Spatial29" parent="wall" instance=ExtResource( 1 )]
transform = Transform( 0.823404, 0, 0.567456, 0, 1, 0, -0.567456, 0, 0.823404, 0.81975, 2.31278, -0.482992 )

[node name="Spatial30" parent="wall" instance=ExtResource( 1 )]
transform = Transform( 0.309017, 0, -0.951056, 0, 1, 0, 0.951056, 0, 0.309017, 0.27196, 2.64825, 0.837006 )

[node name="Spatial31" parent="wall" instance=ExtResource( 1 )]
transform = Transform( -0.809017, 0, -0.587785, 0, 1, 0, 0.587785, 0, -0.809017, -0.726056, 2.64825, 0.527511 )

[node name="Spatial32" parent="wall" instance=ExtResource( 1 )]
transform = Transform( -0.809017, 0, 0.587785, 0, 1, 0, -0.587785, 0, -0.809017, -0.732247, 2.64825, -0.532008 )

[node name="Spatial33" parent="wall" instance=ExtResource( 1 )]
transform = Transform( 0.309017, 0, 0.951056, 0, 1, 0, -0.951056, 0, 0.309017, 0.284244, 2.64825, -0.874814 )

[node name="Spatial34" parent="wall" instance=ExtResource( 1 )]
transform = Transform( 1, 0, 0, 0, 1, 0, 0, 0, 1, 0.958295, 2.64825, 0 )

[node name="Spatial35" parent="wall" instance=ExtResource( 1 )]
transform = Transform( 0.794128, 0, -0.60775, 0, 1, 0, 0.60775, 0, 0.794128, 0.729583, 2.96618, 0.595666 )

[node name="Spatial36" parent="wall" instance=ExtResource( 1 )]
transform = Transform( -0.332605, 0, -0.943066, 0, 1, 0, 0.943066, 0, -0.332605, -0.267811, 2.96618, 0.907157 )

[node name="Spatial37" parent="wall" instance=ExtResource( 1 )]
transform = Transform( -0.99969, 0, 0.0249032, 0, 1, 0, -0.0249032, 0, -0.99969, -0.874139, 2.96618, 0.0382577 )

[node name="Spatial38" parent="wall" instance=ExtResource( 1 )]
transform = Transform( -0.285237, 0, 0.958457, 0, 1, 0, -0.958457, 0, -0.285237, -0.231684, 2.96618, -0.820824 )

[node name="Spatial39" parent="wall" instance=ExtResource( 1 )]
transform = Transform( 0.823404, 0, 0.567456, 0, 1, 0, -0.567456, 0, 0.823404, 0.81975, 2.96618, -0.482992 )

[node name="Spatial40" parent="wall" instance=ExtResource( 1 )]
transform = Transform( 0.309017, 0, -0.951056, 0, 1, 0, 0.951056, 0, 0.309017, 0.27196, 3.29133, 0.837006 )

[node name="Spatial41" parent="wall" instance=ExtResource( 1 )]
transform = Transform( -0.809017, 0, -0.587785, 0, 1, 0, 0.587785, 0, -0.809017, -0.726056, 3.29133, 0.527511 )

[node name="Spatial42" parent="wall" instance=ExtResource( 1 )]
transform = Transform( -0.809017, 0, 0.587785, 0, 1, 0, -0.587785, 0, -0.809017, -0.732247, 3.29133, -0.532008 )

[node name="Spatial43" parent="wall" instance=ExtResource( 1 )]
transform = Transform( 0.309017, 0, 0.951056, 0, 1, 0, -0.951056, 0, 0.309017, 0.284244, 3.29133, -0.874814 )

[node name="Spatial44" parent="wall" instance=ExtResource( 1 )]
transform = Transform( 1, 0, 0, 0, 1, 0, 0, 0, 1, 0.958295, 3.29133, 0 )

[node name="Spatial45" parent="wall" instance=ExtResource( 1 )]
transform = Transform( 0.794128, 0, -0.60775, 0, 1, 0, 0.60775, 0, 0.794128, 0.729583, 3.60926, 0.595666 )

[node name="Spatial46" parent="wall" instance=ExtResource( 1 )]
transform = Transform( -0.332605, 0, -0.943066, 0, 1, 0, 0.943066, 0, -0.332605, -0.267811, 3.60926, 0.907157 )

[node name="Spatial47" parent="wall" instance=ExtResource( 1 )]
transform = Transform( -0.99969, 0, 0.0249032, 0, 1, 0, -0.0249032, 0, -0.99969, -0.874139, 3.60926, 0.0382577 )

[node name="Spatial48" parent="wall" instance=ExtResource( 1 )]
transform = Transform( -0.285237, 0, 0.958457, 0, 1, 0, -0.958457, 0, -0.285237, -0.231684, 3.60926, -0.820824 )

[node name="Spatial49" parent="wall" instance=ExtResource( 1 )]
transform = Transform( 0.823404, 0, 0.567456, 0, 1, 0, -0.567456, 0, 0.823404, 0.81975, 3.60926, -0.482992 )

[node name="Spatial50" parent="wall" instance=ExtResource( 1 )]
transform = Transform( 0.309017, 0, -0.951056, 0, 1, 0, 0.951056, 0, 0.309017, 0.27196, 3.91431, 0.837006 )

[node name="Spatial51" parent="wall" instance=ExtResource( 1 )]
transform = Transform( -0.809017, 0, -0.587785, 0, 1, 0, 0.587785, 0, -0.809017, -0.726056, 3.91431, 0.527511 )

[node name="Spatial52" parent="wall" instance=ExtResource( 1 )]
transform = Transform( -0.809017, 0, 0.587785, 0, 1, 0, -0.587785, 0, -0.809017, -0.732247, 3.91431, -0.532008 )

[node name="Spatial53" parent="wall" instance=ExtResource( 1 )]
transform = Transform( 0.309017, 0, 0.951056, 0, 1, 0, -0.951056, 0, 0.309017, 0.284244, 3.91431, -0.874814 )

[node name="Spatial54" parent="wall" instance=ExtResource( 1 )]
transform = Transform( 1, 0, 0, 0, 1, 0, 0, 0, 1, 0.958295, 3.91431, 0 )

[node name="Spatial55" parent="wall" instance=ExtResource( 1 )]
transform = Transform( 0.794128, 0, -0.60775, 0, 1, 0, 0.60775, 0, 0.794128, 0.729583, 4.23224, 0.595666 )

[node name="Spatial56" parent="wall" instance=ExtResource( 1 )]
transform = Transform( -0.332605, 0, -0.943066, 0, 1, 0, 0.943066, 0, -0.332605, -0.267811, 4.23224, 0.907157 )

[node name="Spatial57" parent="wall" instance=ExtResource( 1 )]
transform = Transform( -0.99969, 0, 0.0249032, 0, 1, 0, -0.0249032, 0, -0.99969, -0.874139, 4.23224, 0.0382577 )

[node name="Spatial58" parent="wall" instance=ExtResource( 1 )]
transform = Transform( -0.285237, 0, 0.958457, 0, 1, 0, -0.958457, 0, -0.285237, -0.231684, 4.23224, -0.820824 )

[node name="Spatial59" parent="wall" instance=ExtResource( 1 )]
transform = Transform( 0.823404, 0, 0.567456, 0, 1, 0, -0.567456, 0, 0.823404, 0.81975, 4.23224, -0.482992 )

[node name="roof" type="RigidBody" parent="."]
transform = Transform( 1, 0, 0, 0, 1, 0, 0, 0, 1, 0, 4.68, 0 )

[node name="circle_roof" type="MeshInstance" parent="roof"]
transform = Transform( 1.24441, 0, 0, 0, 1.24441, 0, 0, 0, 1.24441, 0, 0, 0 )
mesh = ExtResource( 3 )
material/0 = null

[node name="CollisionShape" type="CollisionShape" parent="roof"]
transform = Transform( 1, 0, 0, 0, 1, 0, 0, 0, 1, 0, -0.0748372, 0 )
shape = SubResource( 2 )

[node name="Area" type="Area" parent="." groups=[
"areas",
]]
transform = Transform( 1, 0, 0, 0, 1, 0, 0, 0, 1, 0, 2.83928, 0 )

[node name="CollisionShape" type="CollisionShape" parent="Area"]
shape = SubResource( 3 )
