[gd_scene load_steps=34 format=2]

[ext_resource path="res://addons/zylann.hterrain/hterrain.gd" type="Script" id=1]
[ext_resource path="res://music/twinkle.ogg" type="AudioStream" id=2]
[ext_resource path="res://circle_house.tscn" type="PackedScene" id=3]
[ext_resource path="res://snow_level.gd" type="Script" id=4]
[ext_resource path="res://snowman.obj" type="ArrayMesh" id=5]
[ext_resource path="res://ui.tscn" type="PackedScene" id=6]
[ext_resource path="res://crane.gd" type="Script" id=7]
[ext_resource path="res://crane2.obj" type="ArrayMesh" id=8]
[ext_resource path="res://trees.tres" type="Material" id=9]
[ext_resource path="res://addons/zylann.hterrain/hterrain_texture_set.gd" type="Script" id=10]
[ext_resource path="res://pine_tree.obj" type="ArrayMesh" id=11]
[ext_resource path="res://snow_terrain/data.hterrain" type="Resource" id=12]
[ext_resource path="res://untitled.png" type="Texture" id=13]
[ext_resource path="res://music/spin_down.wav" type="AudioStream" id=14]
[ext_resource path="res://music/anchor_move.wav" type="AudioStream" id=15]
[ext_resource path="res://music/rotate.wav" type="AudioStream" id=16]
[ext_resource path="res://music/spin_up.wav" type="AudioStream" id=17]

[sub_resource type="ProceduralSky" id=7]
sky_top_color = Color( 0.137255, 0.607843, 0.866667, 1 )
sky_horizon_color = Color( 0.745098, 0.886275, 1, 1 )
sky_curve = 0.127279
ground_bottom_color = Color( 0.0666667, 0.447059, 0.615686, 1 )
ground_horizon_color = Color( 0.537255, 0.768627, 1, 1 )
ground_curve = 0.0193189

[sub_resource type="Environment" id=8]
background_mode = 2
background_sky = SubResource( 7 )
ambient_light_color = Color( 1, 1, 1, 1 )
fog_enabled = true
fog_color = Color( 0.215686, 0.498039, 0.682353, 1 )
fog_depth_begin = 164.2
fog_depth_end = 209.9
fog_depth_curve = 7.21002

[sub_resource type="BoxShape" id=9]
extents = Vector3( 36.989, 1, 25.2749 )

[sub_resource type="Resource" id=10]
script = ExtResource( 10 )
mode = 0
textures = [ [  ], [  ] ]

[sub_resource type="QuadMesh" id=11]

[sub_resource type="SpatialMaterial" id=12]
render_priority = -3
flags_transparent = true
flags_unshaded = true
albedo_texture = ExtResource( 13 )

[sub_resource type="SpatialMaterial" id=13]
render_priority = -2
flags_transparent = true
flags_unshaded = true
albedo_texture = ExtResource( 13 )

[sub_resource type="CylinderMesh" id=14]

[sub_resource type="SpatialMaterial" id=15]
render_priority = -1
flags_transparent = true
albedo_color = Color( 0.0470588, 0.356863, 0.494118, 1 )

[sub_resource type="SphereShape" id=16]
radius = 47.8544

[sub_resource type="BoxShape" id=1]
extents = Vector3( 8.68859, 0.467903, 0.434465 )

[sub_resource type="CubeMesh" id=2]

[sub_resource type="SpatialMaterial" id=3]
albedo_color = Color( 0.388235, 0.388235, 0.388235, 1 )

[sub_resource type="ConvexPolygonShape" id=4]
points = PoolVector3Array( -1, 1, 1, 1, 1, -1, 1, 1, 1, -1, 1, -1, -1, -1, 1, 1, -1, -1, 1, -1, 1, -1, -1, -1, 1, 1, 1, -1, 1, -1, 1, 1, -1, -1, 1, 1, 1, -1, 1, -1, -1, -1, 1, -1, -1, -1, -1, 1, 1, 1, 1, -1, -1, 1, -1, 1, 1, 1, -1, 1, 1, 1, -1, -1, -1, -1, -1, 1, -1, 1, -1, -1 )

[sub_resource type="SphereShape" id=5]

[sub_resource type="SphereShape" id=6]
radius = 0.517471

[node name="Spatial" type="Spatial"]
script = ExtResource( 4 )

[node name="chain" type="ImmediateGeometry" parent="."]

[node name="WorldEnvironment" type="WorldEnvironment" parent="."]
environment = SubResource( 8 )

[node name="DirectionalLight" type="DirectionalLight" parent="."]
transform = Transform( -0.935364, -0.344702, -0.0792145, -0.0696552, -0.0400504, 0.996767, -0.346761, 0.937857, 0.0134513, 0, 17, 35 )
shadow_enabled = true
directional_shadow_mode = 0

[node name="music" type="AudioStreamPlayer" parent="."]
stream = ExtResource( 2 )

[node name="ui" parent="." instance=ExtResource( 6 )]

[node name="floor" type="StaticBody" parent="."]
transform = Transform( 1, 0, 0, 0, 1, 0, 0, 0, 1, 0, -0.651683, 0 )

[node name="CollisionShape" type="CollisionShape" parent="floor"]
shape = SubResource( 9 )

[node name="HTerrain" type="Spatial" parent="."]
transform = Transform( 1, 0, 0, 0, 1, 0, 0, 0, 1, -262.056, 0, -250.284 )
script = ExtResource( 1 )
_terrain_data = ExtResource( 12 )
chunk_size = 32
collision_enabled = true
collision_layer = 1
collision_mask = 1
shader_type = "Classic4Lite"
custom_shader = null
custom_globalmap_shader = null
texture_set = SubResource( 10 )
shader_params/u_ground_uv_scale = 20
shader_params/u_depth_blending = true
shader_params/u_triplanar = false
shader_params/u_tile_reduction = Plane( 0, 0, 0, 0 )

[node name="Spatial" type="Spatial" parent="."]

[node name="pine_tree" type="MeshInstance" parent="Spatial"]
transform = Transform( 0.856258, 0, 0.516548, -0.0386582, 0.997196, 0.0640819, -0.5151, -0.0748395, 0.853857, 68.3918, -0.523305, 1.72828 )
mesh = ExtResource( 11 )
material/0 = null
material/1 = null

[node name="pine_tree3" type="MeshInstance" parent="Spatial"]
transform = Transform( 0.181981, -0.0560316, 0.981704, -0.0386582, 0.997196, 0.0640819, -0.982542, -0.0496127, 0.179305, 62.3762, -0.523305, -11.3687 )
mesh = ExtResource( 11 )
material/0 = null
material/1 = null

[node name="pine_tree21" type="MeshInstance" parent="Spatial"]
transform = Transform( 0.181981, -0.0560316, 0.981704, -0.0386582, 0.997196, 0.0640819, -0.982542, -0.0496127, 0.179305, 51.0898, -0.523305, -5.45856 )
mesh = ExtResource( 11 )
material/0 = null
material/1 = null

[node name="pine_tree22" type="MeshInstance" parent="Spatial"]
transform = Transform( 0.181981, -0.0560316, 0.981704, -0.0386582, 0.997196, 0.0640819, -0.982542, -0.0496127, 0.179305, 25.5756, -0.523305, -73.2535 )
mesh = ExtResource( 11 )
material/0 = null
material/1 = null

[node name="pine_tree23" type="MeshInstance" parent="Spatial"]
transform = Transform( 0.181981, -0.0560316, 0.981704, -0.0386582, 0.997196, 0.0640819, -0.982542, -0.0496127, 0.179305, 40.3707, -0.523305, -17.6421 )
mesh = ExtResource( 11 )
material/0 = null
material/1 = null

[node name="pine_tree4" type="MeshInstance" parent="Spatial"]
transform = Transform( -0.473471, -0.0747535, 0.877632, -0.0386582, 0.997196, 0.0640819, -0.879961, -0.00358674, -0.475033, 59.3361, -0.523305, -2.56598 )
mesh = ExtResource( 11 )
material/0 = null
material/1 = null

[node name="pine_tree5" type="MeshInstance" parent="Spatial"]
transform = Transform( -0.889785, -0.0635366, 0.451937, -0.0386582, 0.997196, 0.0640819, -0.45474, 0.0395481, -0.889745, 54.6218, -0.523305, -21.4826 )
mesh = ExtResource( 11 )
material/0 = null
material/1 = null

[node name="pine_tree6" type="MeshInstance" parent="Spatial"]
transform = Transform( -0.889785, -0.0635366, 0.451937, -0.0386582, 0.997196, 0.0640819, -0.45474, 0.0395481, -0.889745, 49.0356, -0.523305, -30.8865 )
mesh = ExtResource( 11 )
material/0 = null
material/1 = null

[node name="pine_tree7" type="MeshInstance" parent="Spatial"]
transform = Transform( -0.889785, -0.0635366, 0.451937, -0.0386582, 0.997196, 0.0640819, -0.45474, 0.0395481, -0.889745, 44.8713, -0.523305, -40.9377 )
mesh = ExtResource( 11 )
material/0 = null
material/1 = null

[node name="pine_tree8" type="MeshInstance" parent="Spatial"]
transform = Transform( -0.889785, -0.0635366, 0.451937, -0.0386582, 0.997196, 0.0640819, -0.45474, 0.0395481, -0.889745, 41.3084, -0.523305, -48.9388 )
mesh = ExtResource( 11 )
material/0 = null
material/1 = null

[node name="pine_tree18" type="MeshInstance" parent="Spatial"]
transform = Transform( -0.889785, -0.0635366, 0.451937, -0.0386582, 0.997196, 0.0640819, -0.45474, 0.0395481, -0.889745, 33.7855, -0.523305, -44.4645 )
mesh = ExtResource( 11 )
material/0 = null
material/1 = null

[node name="pine_tree9" type="MeshInstance" parent="Spatial"]
transform = Transform( -0.889785, -0.0635366, 0.451937, -0.0386582, 0.997196, 0.0640819, -0.45474, 0.0395481, -0.889745, 44.4341, -5.66712, -24.4695 )
mesh = ExtResource( 11 )
material/0 = null
material/1 = null

[node name="pine_tree19" type="MeshInstance" parent="Spatial"]
transform = Transform( -0.889785, -0.0635366, 0.451937, -0.0386582, 0.997196, 0.0640819, -0.45474, 0.0395481, -0.889745, 51.6872, -5.66712, -16.3953 )
mesh = ExtResource( 11 )
material/0 = null
material/1 = null

[node name="pine_tree20" type="MeshInstance" parent="Spatial"]
transform = Transform( -0.889785, -0.0635366, 0.451937, -0.0386582, 0.997196, 0.0640819, -0.45474, 0.0395481, -0.889745, 64.9595, -5.66711, 2.73347 )
mesh = ExtResource( 11 )
material/0 = null
material/1 = null

[node name="pine_tree13" type="MeshInstance" parent="Spatial"]
transform = Transform( -0.889785, -0.0635366, 0.451937, -0.0386582, 0.997196, 0.0640819, -0.45474, 0.0395481, -0.889745, 61.6888, -5.66712, -17.2833 )
mesh = ExtResource( 11 )
material/0 = null
material/1 = null

[node name="pine_tree14" type="MeshInstance" parent="Spatial"]
transform = Transform( -0.889785, -0.0635366, 0.451937, -0.0386582, 0.997196, 0.0640819, -0.45474, 0.0395481, -0.889745, 74.3079, -5.66712, -4.80816 )
mesh = ExtResource( 11 )
material/0 = null
material/1 = null

[node name="pine_tree15" type="MeshInstance" parent="Spatial"]
transform = Transform( -0.889785, -0.0635366, 0.451937, -0.0386582, 0.997196, 0.0640819, -0.45474, 0.0395481, -0.889745, 35.9936, -5.66712, -37.4222 )
mesh = ExtResource( 11 )
material/0 = null
material/1 = null

[node name="pine_tree16" type="MeshInstance" parent="Spatial"]
transform = Transform( -0.889785, -0.0635366, 0.451937, -0.048577, 0.997822, 0.0446414, -0.453788, 0.0177675, -0.890932, 46.0225, -5.66712, -34.7609 )
mesh = ExtResource( 11 )
material/0 = null
material/1 = null

[node name="pine_tree17" type="MeshInstance" parent="Spatial"]
transform = Transform( -0.889785, -0.0635366, 0.451937, -0.0386582, 0.997196, 0.0640819, -0.45474, 0.0395481, -0.889745, 29.5513, -5.66712, -54.5475 )
mesh = ExtResource( 11 )
material/0 = null
material/1 = null

[node name="pine_tree24" type="MeshInstance" parent="Spatial"]
transform = Transform( -0.889785, -0.0635366, 0.451937, -0.0386582, 0.997196, 0.0640819, -0.45474, 0.0395481, -0.889745, 23.3949, -5.66712, -69.3082 )
mesh = ExtResource( 11 )
material/0 = null
material/1 = null

[node name="pine_tree25" type="MeshInstance" parent="Spatial"]
transform = Transform( -0.889785, -0.0635366, 0.451937, -0.0386582, 0.997196, 0.0640819, -0.45474, 0.0395481, -0.889745, 33.1899, -5.66712, -68.8555 )
mesh = ExtResource( 11 )
material/0 = null
material/1 = null

[node name="pine_tree12" type="MeshInstance" parent="Spatial"]
transform = Transform( -0.889785, -0.0635366, 0.451937, -0.0386582, 0.997196, 0.0640819, -0.45474, 0.0395481, -0.889745, 33.9108, -0.530866, -57.9044 )
mesh = ExtResource( 11 )
material/0 = null
material/1 = null

[node name="pine_tree10" type="MeshInstance" parent="Spatial"]
transform = Transform( -0.889785, -0.0635366, 0.451937, -0.0386582, 0.997196, 0.0640819, -0.45474, 0.0395481, -0.889745, 25.5026, -0.523305, -60.3393 )
mesh = ExtResource( 11 )
material/0 = null
material/1 = null

[node name="pine_tree11" type="MeshInstance" parent="Spatial"]
transform = Transform( -0.889785, -0.0635366, 0.451937, -0.0386582, 0.997196, 0.0640819, -0.45474, 0.0395481, -0.889745, 25.4154, -0.545293, -60.2982 )
mesh = ExtResource( 11 )
material/0 = null
material/1 = null

[node name="pine_tree26" type="MeshInstance" parent="Spatial"]
transform = Transform( -0.889785, -0.0635366, 0.451937, -0.0386582, 0.997196, 0.0640819, -0.45474, 0.0395481, -0.889745, 34.6306, -0.545293, -51.1755 )
mesh = ExtResource( 11 )
material/0 = null
material/1 = null

[node name="pine_tree2" type="MeshInstance" parent="Spatial"]
transform = Transform( 0.900585, 0.0415096, 0, -0.0415096, 0.900585, 0, 0, 0, 0.901541, 76.5085, -0.105246, 7.04857 )
mesh = ExtResource( 11 )
material/0 = null
material/1 = null

[node name="MeshInstance" type="MeshInstance" parent="Spatial"]
transform = Transform( 61.3312, 0, -22.1238, 0, 26.5814, 0, 92.0876, 0, 14.7347, 52.6109, 10.7348, -38.6195 )
mesh = SubResource( 11 )
material/0 = ExtResource( 9 )

[node name="Spatial2" type="Spatial" parent="."]
transform = Transform( -0.0801468, 0, 0.996783, 0, 1, 0, -0.996783, 0, -0.0801468, 21.0404, 0, -0.21154 )

[node name="pine_tree" type="MeshInstance" parent="Spatial2"]
transform = Transform( 0.856258, 0, 0.516548, -0.0386582, 0.997196, 0.0640819, -0.5151, -0.0748395, 0.853857, 68.3918, -0.523305, 1.72828 )
mesh = ExtResource( 11 )
material/0 = null
material/1 = null

[node name="pine_tree3" type="MeshInstance" parent="Spatial2"]
transform = Transform( 0.181981, -0.0560316, 0.981704, -0.0386582, 0.997196, 0.0640819, -0.982542, -0.0496127, 0.179305, 62.3762, -0.523305, -11.3687 )
mesh = ExtResource( 11 )
material/0 = null
material/1 = null

[node name="pine_tree21" type="MeshInstance" parent="Spatial2"]
transform = Transform( 0.181981, -0.0560316, 0.981704, -0.0386582, 0.997196, 0.0640819, -0.982542, -0.0496127, 0.179305, 51.0898, -0.523305, -5.45856 )
mesh = ExtResource( 11 )
material/0 = null
material/1 = null

[node name="pine_tree22" type="MeshInstance" parent="Spatial2"]
transform = Transform( 0.181981, -0.0560316, 0.981704, -0.0386582, 0.997196, 0.0640819, -0.982542, -0.0496127, 0.179305, 25.5756, -0.523305, -73.2535 )
mesh = ExtResource( 11 )
material/0 = null
material/1 = null

[node name="pine_tree23" type="MeshInstance" parent="Spatial2"]
transform = Transform( 0.181981, -0.0560316, 0.981704, -0.0386582, 0.997196, 0.0640819, -0.982542, -0.0496127, 0.179305, 40.3707, -0.523305, -17.6421 )
mesh = ExtResource( 11 )
material/0 = null
material/1 = null

[node name="pine_tree4" type="MeshInstance" parent="Spatial2"]
transform = Transform( -0.473471, -0.0747535, 0.877632, -0.0386582, 0.997196, 0.0640819, -0.879961, -0.00358674, -0.475033, 59.3361, -0.523305, -2.56598 )
mesh = ExtResource( 11 )
material/0 = null
material/1 = null

[node name="pine_tree5" type="MeshInstance" parent="Spatial2"]
transform = Transform( -0.889785, -0.0635366, 0.451937, -0.0386582, 0.997196, 0.0640819, -0.45474, 0.0395481, -0.889745, 54.6218, -0.523305, -21.4826 )
mesh = ExtResource( 11 )
material/0 = null
material/1 = null

[node name="pine_tree6" type="MeshInstance" parent="Spatial2"]
transform = Transform( -0.889785, -0.0635366, 0.451937, -0.0386582, 0.997196, 0.0640819, -0.45474, 0.0395481, -0.889745, 49.0356, -0.523305, -30.8865 )
mesh = ExtResource( 11 )
material/0 = null
material/1 = null

[node name="pine_tree7" type="MeshInstance" parent="Spatial2"]
transform = Transform( -0.889785, -0.0635366, 0.451937, -0.0386582, 0.997196, 0.0640819, -0.45474, 0.0395481, -0.889745, 44.8713, -0.523305, -40.9377 )
mesh = ExtResource( 11 )
material/0 = null
material/1 = null

[node name="pine_tree8" type="MeshInstance" parent="Spatial2"]
transform = Transform( -0.889785, -0.0635366, 0.451937, -0.0386582, 0.997196, 0.0640819, -0.45474, 0.0395481, -0.889745, 41.3084, -0.523305, -48.9388 )
mesh = ExtResource( 11 )
material/0 = null
material/1 = null

[node name="pine_tree18" type="MeshInstance" parent="Spatial2"]
transform = Transform( -0.889785, -0.0635366, 0.451937, -0.0386582, 0.997196, 0.0640819, -0.45474, 0.0395481, -0.889745, 33.7855, -0.523305, -44.4645 )
mesh = ExtResource( 11 )
material/0 = null
material/1 = null

[node name="pine_tree9" type="MeshInstance" parent="Spatial2"]
transform = Transform( -0.889785, -0.0635366, 0.451937, -0.0386582, 0.997196, 0.0640819, -0.45474, 0.0395481, -0.889745, 44.4341, -5.66712, -24.4695 )
mesh = ExtResource( 11 )
material/0 = null
material/1 = null

[node name="pine_tree19" type="MeshInstance" parent="Spatial2"]
transform = Transform( -0.889785, -0.0635366, 0.451937, -0.0386582, 0.997196, 0.0640819, -0.45474, 0.0395481, -0.889745, 51.6872, -5.66712, -16.3953 )
mesh = ExtResource( 11 )
material/0 = null
material/1 = null

[node name="pine_tree20" type="MeshInstance" parent="Spatial2"]
transform = Transform( -0.889785, -0.0635366, 0.451937, -0.0386582, 0.997196, 0.0640819, -0.45474, 0.0395481, -0.889745, 64.9595, -5.66711, 2.73347 )
mesh = ExtResource( 11 )
material/0 = null
material/1 = null

[node name="pine_tree13" type="MeshInstance" parent="Spatial2"]
transform = Transform( -0.889785, -0.0635366, 0.451937, -0.0386582, 0.997196, 0.0640819, -0.45474, 0.0395481, -0.889745, 61.6888, -5.66712, -17.2833 )
mesh = ExtResource( 11 )
material/0 = null
material/1 = null

[node name="pine_tree14" type="MeshInstance" parent="Spatial2"]
transform = Transform( -0.889785, -0.0635366, 0.451937, -0.0386582, 0.997196, 0.0640819, -0.45474, 0.0395481, -0.889745, 74.3079, -5.66712, -4.80816 )
mesh = ExtResource( 11 )
material/0 = null
material/1 = null

[node name="pine_tree15" type="MeshInstance" parent="Spatial2"]
transform = Transform( -0.889785, -0.0635366, 0.451937, -0.0386582, 0.997196, 0.0640819, -0.45474, 0.0395481, -0.889745, 35.9936, -5.66712, -37.4222 )
mesh = ExtResource( 11 )
material/0 = null
material/1 = null

[node name="pine_tree16" type="MeshInstance" parent="Spatial2"]
transform = Transform( -0.889785, -0.0635366, 0.451937, -0.048577, 0.997822, 0.0446414, -0.453788, 0.0177675, -0.890932, 46.0225, -5.66712, -34.7609 )
mesh = ExtResource( 11 )
material/0 = null
material/1 = null

[node name="pine_tree17" type="MeshInstance" parent="Spatial2"]
transform = Transform( -0.889785, -0.0635366, 0.451937, -0.0386582, 0.997196, 0.0640819, -0.45474, 0.0395481, -0.889745, 29.5513, -5.66712, -54.5475 )
mesh = ExtResource( 11 )
material/0 = null
material/1 = null

[node name="pine_tree24" type="MeshInstance" parent="Spatial2"]
transform = Transform( -0.889785, -0.0635366, 0.451937, -0.0386582, 0.997196, 0.0640819, -0.45474, 0.0395481, -0.889745, 23.3949, -5.66712, -69.3082 )
mesh = ExtResource( 11 )
material/0 = null
material/1 = null

[node name="pine_tree25" type="MeshInstance" parent="Spatial2"]
transform = Transform( -0.889785, -0.0635366, 0.451937, -0.0386582, 0.997196, 0.0640819, -0.45474, 0.0395481, -0.889745, 33.1899, -5.66712, -68.8555 )
mesh = ExtResource( 11 )
material/0 = null
material/1 = null

[node name="pine_tree12" type="MeshInstance" parent="Spatial2"]
transform = Transform( -0.889785, -0.0635366, 0.451937, -0.0386582, 0.997196, 0.0640819, -0.45474, 0.0395481, -0.889745, 33.9108, -0.530866, -57.9044 )
mesh = ExtResource( 11 )
material/0 = null
material/1 = null

[node name="pine_tree10" type="MeshInstance" parent="Spatial2"]
transform = Transform( -0.889785, -0.0635366, 0.451937, -0.0386582, 0.997196, 0.0640819, -0.45474, 0.0395481, -0.889745, 25.5026, -0.523305, -60.3393 )
mesh = ExtResource( 11 )
material/0 = null
material/1 = null

[node name="pine_tree11" type="MeshInstance" parent="Spatial2"]
transform = Transform( -0.889785, -0.0635366, 0.451937, -0.0386582, 0.997196, 0.0640819, -0.45474, 0.0395481, -0.889745, 25.4154, -0.545293, -60.2982 )
mesh = ExtResource( 11 )
material/0 = null
material/1 = null

[node name="pine_tree26" type="MeshInstance" parent="Spatial2"]
transform = Transform( -0.889785, -0.0635366, 0.451937, -0.0386582, 0.997196, 0.0640819, -0.45474, 0.0395481, -0.889745, 34.6306, -0.545293, -51.1755 )
mesh = ExtResource( 11 )
material/0 = null
material/1 = null

[node name="pine_tree2" type="MeshInstance" parent="Spatial2"]
transform = Transform( 0.900585, 0.0415096, 0, -0.0415096, 0.900585, 0, 0, 0, 0.901541, 76.5085, -0.105246, 7.04857 )
mesh = ExtResource( 11 )
material/0 = null
material/1 = null

[node name="MeshInstance" type="MeshInstance" parent="Spatial2"]
transform = Transform( 61.3312, 0, -22.1238, 0, 26.5814, 0, 92.0876, 0, 14.7347, 52.6109, 10.7348, -38.6195 )
mesh = SubResource( 11 )
material/0 = ExtResource( 9 )

[node name="Spatial3" type="Spatial" parent="."]
transform = Transform( -0.985485, 0, 0.169762, 0, 1, 0, -0.169762, 0, -0.985485, 16.6751, 0, 5.1119 )

[node name="pine_tree" type="MeshInstance" parent="Spatial3"]
transform = Transform( 0.856258, 0, 0.516548, -0.0386582, 0.997196, 0.0640819, -0.5151, -0.0748395, 0.853857, 68.3918, -0.523305, 1.72828 )
mesh = ExtResource( 11 )
material/0 = null
material/1 = null

[node name="pine_tree3" type="MeshInstance" parent="Spatial3"]
transform = Transform( 0.181981, -0.0560316, 0.981704, -0.0386582, 0.997196, 0.0640819, -0.982542, -0.0496127, 0.179305, 62.3762, -0.523305, -11.3687 )
mesh = ExtResource( 11 )
material/0 = null
material/1 = null

[node name="pine_tree21" type="MeshInstance" parent="Spatial3"]
transform = Transform( 0.181981, -0.0560316, 0.981704, -0.0386582, 0.997196, 0.0640819, -0.982542, -0.0496127, 0.179305, 51.0898, -0.523305, -5.45856 )
mesh = ExtResource( 11 )
material/0 = null
material/1 = null

[node name="pine_tree22" type="MeshInstance" parent="Spatial3"]
transform = Transform( 0.181981, -0.0560316, 0.981704, -0.0386582, 0.997196, 0.0640819, -0.982542, -0.0496127, 0.179305, 25.5756, -0.523305, -73.2535 )
mesh = ExtResource( 11 )
material/0 = null
material/1 = null

[node name="pine_tree23" type="MeshInstance" parent="Spatial3"]
transform = Transform( 0.181981, -0.0560316, 0.981704, -0.0386582, 0.997196, 0.0640819, -0.982542, -0.0496127, 0.179305, 40.3707, -0.523305, -17.6421 )
mesh = ExtResource( 11 )
material/0 = null
material/1 = null

[node name="pine_tree4" type="MeshInstance" parent="Spatial3"]
transform = Transform( -0.473471, -0.0747535, 0.877632, -0.0386582, 0.997196, 0.0640819, -0.879961, -0.00358674, -0.475033, 59.3361, -0.523305, -2.56598 )
mesh = ExtResource( 11 )
material/0 = null
material/1 = null

[node name="pine_tree5" type="MeshInstance" parent="Spatial3"]
transform = Transform( -0.889785, -0.0635366, 0.451937, -0.0386582, 0.997196, 0.0640819, -0.45474, 0.0395481, -0.889745, 54.6218, -0.523305, -21.4826 )
mesh = ExtResource( 11 )
material/0 = null
material/1 = null

[node name="pine_tree6" type="MeshInstance" parent="Spatial3"]
transform = Transform( -0.889785, -0.0635366, 0.451937, -0.0386582, 0.997196, 0.0640819, -0.45474, 0.0395481, -0.889745, 49.0356, -0.523305, -30.8865 )
mesh = ExtResource( 11 )
material/0 = null
material/1 = null

[node name="pine_tree7" type="MeshInstance" parent="Spatial3"]
transform = Transform( -0.889785, -0.0635366, 0.451937, -0.0386582, 0.997196, 0.0640819, -0.45474, 0.0395481, -0.889745, 44.8713, -0.523305, -40.9377 )
mesh = ExtResource( 11 )
material/0 = null
material/1 = null

[node name="pine_tree8" type="MeshInstance" parent="Spatial3"]
transform = Transform( -0.889785, -0.0635366, 0.451937, -0.0386582, 0.997196, 0.0640819, -0.45474, 0.0395481, -0.889745, 41.3084, -0.523305, -48.9388 )
mesh = ExtResource( 11 )
material/0 = null
material/1 = null

[node name="pine_tree18" type="MeshInstance" parent="Spatial3"]
transform = Transform( -0.889785, -0.0635366, 0.451937, -0.0386582, 0.997196, 0.0640819, -0.45474, 0.0395481, -0.889745, 33.7855, -0.523305, -44.4645 )
mesh = ExtResource( 11 )
material/0 = null
material/1 = null

[node name="pine_tree9" type="MeshInstance" parent="Spatial3"]
transform = Transform( -0.889785, -0.0635366, 0.451937, -0.0386582, 0.997196, 0.0640819, -0.45474, 0.0395481, -0.889745, 44.4341, -5.66712, -24.4695 )
mesh = ExtResource( 11 )
material/0 = null
material/1 = null

[node name="pine_tree19" type="MeshInstance" parent="Spatial3"]
transform = Transform( -0.889785, -0.0635366, 0.451937, -0.0386582, 0.997196, 0.0640819, -0.45474, 0.0395481, -0.889745, 51.6872, -5.66712, -16.3953 )
mesh = ExtResource( 11 )
material/0 = null
material/1 = null

[node name="pine_tree20" type="MeshInstance" parent="Spatial3"]
transform = Transform( -0.889785, -0.0635366, 0.451937, -0.0386582, 0.997196, 0.0640819, -0.45474, 0.0395481, -0.889745, 64.9595, -5.66711, 2.73347 )
mesh = ExtResource( 11 )
material/0 = null
material/1 = null

[node name="pine_tree13" type="MeshInstance" parent="Spatial3"]
transform = Transform( -0.889785, -0.0635366, 0.451937, -0.0386582, 0.997196, 0.0640819, -0.45474, 0.0395481, -0.889745, 61.6888, -5.66712, -17.2833 )
mesh = ExtResource( 11 )
material/0 = null
material/1 = null

[node name="pine_tree14" type="MeshInstance" parent="Spatial3"]
transform = Transform( -0.889785, -0.0635366, 0.451937, -0.0386582, 0.997196, 0.0640819, -0.45474, 0.0395481, -0.889745, 74.3079, -5.66712, -4.80816 )
mesh = ExtResource( 11 )
material/0 = null
material/1 = null

[node name="pine_tree15" type="MeshInstance" parent="Spatial3"]
transform = Transform( -0.889785, -0.0635366, 0.451937, -0.0386582, 0.997196, 0.0640819, -0.45474, 0.0395481, -0.889745, 35.9936, -5.66712, -37.4222 )
mesh = ExtResource( 11 )
material/0 = null
material/1 = null

[node name="pine_tree16" type="MeshInstance" parent="Spatial3"]
transform = Transform( -0.889785, -0.0635366, 0.451937, -0.048577, 0.997822, 0.0446414, -0.453788, 0.0177675, -0.890932, 46.0225, -5.66712, -34.7609 )
mesh = ExtResource( 11 )
material/0 = null
material/1 = null

[node name="pine_tree17" type="MeshInstance" parent="Spatial3"]
transform = Transform( -0.889785, -0.0635366, 0.451937, -0.0386582, 0.997196, 0.0640819, -0.45474, 0.0395481, -0.889745, 29.5513, -5.66712, -54.5475 )
mesh = ExtResource( 11 )
material/0 = null
material/1 = null

[node name="pine_tree24" type="MeshInstance" parent="Spatial3"]
transform = Transform( -0.889785, -0.0635366, 0.451937, -0.0386582, 0.997196, 0.0640819, -0.45474, 0.0395481, -0.889745, 23.3949, -5.66712, -69.3082 )
mesh = ExtResource( 11 )
material/0 = null
material/1 = null

[node name="pine_tree25" type="MeshInstance" parent="Spatial3"]
transform = Transform( -0.889785, -0.0635366, 0.451937, -0.0386582, 0.997196, 0.0640819, -0.45474, 0.0395481, -0.889745, 33.1899, -5.66712, -68.8555 )
mesh = ExtResource( 11 )
material/0 = null
material/1 = null

[node name="pine_tree12" type="MeshInstance" parent="Spatial3"]
transform = Transform( -0.889785, -0.0635366, 0.451937, -0.0386582, 0.997196, 0.0640819, -0.45474, 0.0395481, -0.889745, 33.9108, -0.530866, -57.9044 )
mesh = ExtResource( 11 )
material/0 = null
material/1 = null

[node name="pine_tree10" type="MeshInstance" parent="Spatial3"]
transform = Transform( -0.889785, -0.0635366, 0.451937, -0.0386582, 0.997196, 0.0640819, -0.45474, 0.0395481, -0.889745, 25.5026, -0.523305, -60.3393 )
mesh = ExtResource( 11 )
material/0 = null
material/1 = null

[node name="pine_tree11" type="MeshInstance" parent="Spatial3"]
transform = Transform( -0.889785, -0.0635366, 0.451937, -0.0386582, 0.997196, 0.0640819, -0.45474, 0.0395481, -0.889745, 25.4154, -0.545293, -60.2982 )
mesh = ExtResource( 11 )
material/0 = null
material/1 = null

[node name="pine_tree26" type="MeshInstance" parent="Spatial3"]
transform = Transform( -0.889785, -0.0635366, 0.451937, -0.0386582, 0.997196, 0.0640819, -0.45474, 0.0395481, -0.889745, 34.6306, -0.545293, -51.1755 )
mesh = ExtResource( 11 )
material/0 = null
material/1 = null

[node name="pine_tree2" type="MeshInstance" parent="Spatial3"]
transform = Transform( 0.900585, 0.0415096, 0, -0.0415096, 0.900585, 0, 0, 0, 0.901541, 76.5085, -0.105246, 7.04857 )
mesh = ExtResource( 11 )
material/0 = null
material/1 = null

[node name="MeshInstance" type="MeshInstance" parent="Spatial3"]
transform = Transform( 61.3312, 0, -22.1238, 0, 26.5814, 0, 92.0876, 0, 14.7347, 52.6109, 10.7348, -38.6195 )
mesh = SubResource( 11 )
material/0 = ExtResource( 9 )

[node name="Spatial5" type="Spatial" parent="."]
transform = Transform( -0.853678, 0, -0.520801, 0, 1, 0, 0.520801, 0, -0.853678, 98.69, 0, 77.8812 )

[node name="pine_tree" type="MeshInstance" parent="Spatial5"]
transform = Transform( 0.856258, 0, 0.516548, -0.0386582, 0.997196, 0.0640819, -0.5151, -0.0748395, 0.853857, 68.3918, -0.523305, 1.72828 )
mesh = ExtResource( 11 )
material/0 = null
material/1 = null

[node name="pine_tree3" type="MeshInstance" parent="Spatial5"]
transform = Transform( 0.181981, -0.0560316, 0.981704, -0.0386582, 0.997196, 0.0640819, -0.982542, -0.0496127, 0.179305, 62.3762, -0.523305, -11.3687 )
mesh = ExtResource( 11 )
material/0 = null
material/1 = null

[node name="pine_tree21" type="MeshInstance" parent="Spatial5"]
transform = Transform( 0.181981, -0.0560316, 0.981704, -0.0386582, 0.997196, 0.0640819, -0.982542, -0.0496127, 0.179305, 51.0898, -0.523305, -5.45856 )
mesh = ExtResource( 11 )
material/0 = null
material/1 = null

[node name="pine_tree22" type="MeshInstance" parent="Spatial5"]
transform = Transform( 0.181981, -0.0560316, 0.981704, -0.0386582, 0.997196, 0.0640819, -0.982542, -0.0496127, 0.179305, 25.5756, -0.523305, -73.2535 )
mesh = ExtResource( 11 )
material/0 = null
material/1 = null

[node name="pine_tree23" type="MeshInstance" parent="Spatial5"]
transform = Transform( 0.181981, -0.0560316, 0.981704, -0.0386582, 0.997196, 0.0640819, -0.982542, -0.0496127, 0.179305, 40.3707, -0.523305, -17.6421 )
mesh = ExtResource( 11 )
material/0 = null
material/1 = null

[node name="pine_tree4" type="MeshInstance" parent="Spatial5"]
transform = Transform( -0.473471, -0.0747535, 0.877632, -0.0386582, 0.997196, 0.0640819, -0.879961, -0.00358674, -0.475033, 59.3361, -0.523305, -2.56598 )
mesh = ExtResource( 11 )
material/0 = null
material/1 = null

[node name="pine_tree5" type="MeshInstance" parent="Spatial5"]
transform = Transform( -0.889785, -0.0635366, 0.451937, -0.0386582, 0.997196, 0.0640819, -0.45474, 0.0395481, -0.889745, 54.6218, -0.523305, -21.4826 )
mesh = ExtResource( 11 )
material/0 = null
material/1 = null

[node name="pine_tree6" type="MeshInstance" parent="Spatial5"]
transform = Transform( -0.889785, -0.0635366, 0.451937, -0.0386582, 0.997196, 0.0640819, -0.45474, 0.0395481, -0.889745, 49.0356, -0.523305, -30.8865 )
mesh = ExtResource( 11 )
material/0 = null
material/1 = null

[node name="pine_tree7" type="MeshInstance" parent="Spatial5"]
transform = Transform( -0.889785, -0.0635366, 0.451937, -0.0386582, 0.997196, 0.0640819, -0.45474, 0.0395481, -0.889745, 44.8713, -0.523305, -40.9377 )
mesh = ExtResource( 11 )
material/0 = null
material/1 = null

[node name="pine_tree8" type="MeshInstance" parent="Spatial5"]
transform = Transform( -0.889785, -0.0635366, 0.451937, -0.0386582, 0.997196, 0.0640819, -0.45474, 0.0395481, -0.889745, 41.3084, -0.523305, -48.9388 )
mesh = ExtResource( 11 )
material/0 = null
material/1 = null

[node name="pine_tree18" type="MeshInstance" parent="Spatial5"]
transform = Transform( -0.889785, -0.0635366, 0.451937, -0.0386582, 0.997196, 0.0640819, -0.45474, 0.0395481, -0.889745, 33.7855, -0.523305, -44.4645 )
mesh = ExtResource( 11 )
material/0 = null
material/1 = null

[node name="pine_tree9" type="MeshInstance" parent="Spatial5"]
transform = Transform( -0.889785, -0.0635366, 0.451937, -0.0386582, 0.997196, 0.0640819, -0.45474, 0.0395481, -0.889745, 44.4341, -5.66712, -24.4695 )
mesh = ExtResource( 11 )
material/0 = null
material/1 = null

[node name="pine_tree19" type="MeshInstance" parent="Spatial5"]
transform = Transform( -0.889785, -0.0635366, 0.451937, -0.0386582, 0.997196, 0.0640819, -0.45474, 0.0395481, -0.889745, 51.6872, -5.66712, -16.3953 )
mesh = ExtResource( 11 )
material/0 = null
material/1 = null

[node name="pine_tree20" type="MeshInstance" parent="Spatial5"]
transform = Transform( -0.889785, -0.0635366, 0.451937, -0.0386582, 0.997196, 0.0640819, -0.45474, 0.0395481, -0.889745, 64.9595, -5.66711, 2.73347 )
mesh = ExtResource( 11 )
material/0 = null
material/1 = null

[node name="pine_tree13" type="MeshInstance" parent="Spatial5"]
transform = Transform( -0.889785, -0.0635366, 0.451937, -0.0386582, 0.997196, 0.0640819, -0.45474, 0.0395481, -0.889745, 61.6888, -5.66712, -17.2833 )
mesh = ExtResource( 11 )
material/0 = null
material/1 = null

[node name="pine_tree14" type="MeshInstance" parent="Spatial5"]
transform = Transform( -0.889785, -0.0635366, 0.451937, -0.0386582, 0.997196, 0.0640819, -0.45474, 0.0395481, -0.889745, 74.3079, -5.66712, -4.80816 )
mesh = ExtResource( 11 )
material/0 = null
material/1 = null

[node name="pine_tree15" type="MeshInstance" parent="Spatial5"]
transform = Transform( -0.889785, -0.0635366, 0.451937, -0.0386582, 0.997196, 0.0640819, -0.45474, 0.0395481, -0.889745, 35.9936, -5.66712, -37.4222 )
mesh = ExtResource( 11 )
material/0 = null
material/1 = null

[node name="pine_tree16" type="MeshInstance" parent="Spatial5"]
transform = Transform( -0.889785, -0.0635366, 0.451937, -0.048577, 0.997822, 0.0446414, -0.453788, 0.0177675, -0.890932, 46.0225, -5.66712, -34.7609 )
mesh = ExtResource( 11 )
material/0 = null
material/1 = null

[node name="pine_tree17" type="MeshInstance" parent="Spatial5"]
transform = Transform( -0.889785, -0.0635366, 0.451937, -0.0386582, 0.997196, 0.0640819, -0.45474, 0.0395481, -0.889745, 29.5513, -5.66712, -54.5475 )
mesh = ExtResource( 11 )
material/0 = null
material/1 = null

[node name="pine_tree24" type="MeshInstance" parent="Spatial5"]
transform = Transform( -0.889785, -0.0635366, 0.451937, -0.0386582, 0.997196, 0.0640819, -0.45474, 0.0395481, -0.889745, 23.3949, -5.66712, -69.3082 )
mesh = ExtResource( 11 )
material/0 = null
material/1 = null

[node name="pine_tree25" type="MeshInstance" parent="Spatial5"]
transform = Transform( -0.889785, -0.0635366, 0.451937, -0.0386582, 0.997196, 0.0640819, -0.45474, 0.0395481, -0.889745, 33.1899, -5.66712, -68.8555 )
mesh = ExtResource( 11 )
material/0 = null
material/1 = null

[node name="pine_tree12" type="MeshInstance" parent="Spatial5"]
transform = Transform( -0.889785, -0.0635366, 0.451937, -0.0386582, 0.997196, 0.0640819, -0.45474, 0.0395481, -0.889745, 33.9108, -0.530866, -57.9044 )
mesh = ExtResource( 11 )
material/0 = null
material/1 = null

[node name="pine_tree10" type="MeshInstance" parent="Spatial5"]
transform = Transform( -0.889785, -0.0635366, 0.451937, -0.0386582, 0.997196, 0.0640819, -0.45474, 0.0395481, -0.889745, 25.5026, -0.523305, -60.3393 )
mesh = ExtResource( 11 )
material/0 = null
material/1 = null

[node name="pine_tree11" type="MeshInstance" parent="Spatial5"]
transform = Transform( -0.889785, -0.0635366, 0.451937, -0.0386582, 0.997196, 0.0640819, -0.45474, 0.0395481, -0.889745, 25.4154, -0.545293, -60.2982 )
mesh = ExtResource( 11 )
material/0 = null
material/1 = null

[node name="pine_tree26" type="MeshInstance" parent="Spatial5"]
transform = Transform( -0.889785, -0.0635366, 0.451937, -0.0386582, 0.997196, 0.0640819, -0.45474, 0.0395481, -0.889745, 34.6306, -0.545293, -51.1755 )
mesh = ExtResource( 11 )
material/0 = null
material/1 = null

[node name="pine_tree2" type="MeshInstance" parent="Spatial5"]
transform = Transform( 0.900585, 0.0415096, 0, -0.0415096, 0.900585, 0, 0, 0, 0.901541, 76.5085, -0.105246, 7.04857 )
mesh = ExtResource( 11 )
material/0 = null
material/1 = null

[node name="MeshInstance" type="MeshInstance" parent="Spatial5"]
transform = Transform( 61.3312, 0, -22.1238, 0, 26.5814, 0, 92.0876, 0, 14.7347, 52.6109, 10.7348, -38.6195 )
mesh = SubResource( 11 )
material/0 = SubResource( 12 )

[node name="Spatial6" type="Spatial" parent="."]
transform = Transform( -0.999894, 0, -0.0145731, 0, 1, 0, 0.0145731, 0, -0.999894, 86.6416, 0, 60.9135 )

[node name="pine_tree" type="MeshInstance" parent="Spatial6"]
transform = Transform( 0.856258, 0, 0.516548, -0.0386582, 0.997196, 0.0640819, -0.5151, -0.0748395, 0.853857, 68.3918, -0.523305, 1.72828 )
mesh = ExtResource( 11 )
material/0 = null
material/1 = null

[node name="pine_tree3" type="MeshInstance" parent="Spatial6"]
transform = Transform( 0.181981, -0.0560316, 0.981704, -0.0386582, 0.997196, 0.0640819, -0.982542, -0.0496127, 0.179305, 62.3762, -0.523305, -11.3687 )
mesh = ExtResource( 11 )
material/0 = null
material/1 = null

[node name="pine_tree21" type="MeshInstance" parent="Spatial6"]
transform = Transform( 0.181981, -0.0560316, 0.981704, -0.0386582, 0.997196, 0.0640819, -0.982542, -0.0496127, 0.179305, 51.0898, -0.523305, -5.45856 )
mesh = ExtResource( 11 )
material/0 = null
material/1 = null

[node name="pine_tree22" type="MeshInstance" parent="Spatial6"]
transform = Transform( 0.181981, -0.0560316, 0.981704, -0.0386582, 0.997196, 0.0640819, -0.982542, -0.0496127, 0.179305, 25.5756, -0.523305, -73.2535 )
mesh = ExtResource( 11 )
material/0 = null
material/1 = null

[node name="pine_tree23" type="MeshInstance" parent="Spatial6"]
transform = Transform( 0.181981, -0.0560316, 0.981704, -0.0386582, 0.997196, 0.0640819, -0.982542, -0.0496127, 0.179305, 40.3707, -0.523305, -17.6421 )
mesh = ExtResource( 11 )
material/0 = null
material/1 = null

[node name="pine_tree4" type="MeshInstance" parent="Spatial6"]
transform = Transform( -0.473471, -0.0747535, 0.877632, -0.0386582, 0.997196, 0.0640819, -0.879961, -0.00358674, -0.475033, 59.3361, -0.523305, -2.56598 )
mesh = ExtResource( 11 )
material/0 = null
material/1 = null

[node name="pine_tree5" type="MeshInstance" parent="Spatial6"]
transform = Transform( -0.889785, -0.0635366, 0.451937, -0.0386582, 0.997196, 0.0640819, -0.45474, 0.0395481, -0.889745, 54.6218, -0.523305, -21.4826 )
mesh = ExtResource( 11 )
material/0 = null
material/1 = null

[node name="pine_tree6" type="MeshInstance" parent="Spatial6"]
transform = Transform( -0.889785, -0.0635366, 0.451937, -0.0386582, 0.997196, 0.0640819, -0.45474, 0.0395481, -0.889745, 49.0356, -0.523305, -30.8865 )
mesh = ExtResource( 11 )
material/0 = null
material/1 = null

[node name="pine_tree7" type="MeshInstance" parent="Spatial6"]
transform = Transform( -0.889785, -0.0635366, 0.451937, -0.0386582, 0.997196, 0.0640819, -0.45474, 0.0395481, -0.889745, 44.8713, -0.523305, -40.9377 )
mesh = ExtResource( 11 )
material/0 = null
material/1 = null

[node name="pine_tree8" type="MeshInstance" parent="Spatial6"]
transform = Transform( -0.889785, -0.0635366, 0.451937, -0.0386582, 0.997196, 0.0640819, -0.45474, 0.0395481, -0.889745, 41.3084, -0.523305, -48.9388 )
mesh = ExtResource( 11 )
material/0 = null
material/1 = null

[node name="pine_tree18" type="MeshInstance" parent="Spatial6"]
transform = Transform( -0.889785, -0.0635366, 0.451937, -0.0386582, 0.997196, 0.0640819, -0.45474, 0.0395481, -0.889745, 33.7855, -0.523305, -44.4645 )
mesh = ExtResource( 11 )
material/0 = null
material/1 = null

[node name="pine_tree9" type="MeshInstance" parent="Spatial6"]
transform = Transform( -0.889785, -0.0635366, 0.451937, -0.0386582, 0.997196, 0.0640819, -0.45474, 0.0395481, -0.889745, 44.4341, -5.66712, -24.4695 )
mesh = ExtResource( 11 )
material/0 = null
material/1 = null

[node name="pine_tree19" type="MeshInstance" parent="Spatial6"]
transform = Transform( -0.889785, -0.0635366, 0.451937, -0.0386582, 0.997196, 0.0640819, -0.45474, 0.0395481, -0.889745, 51.6872, -5.66712, -16.3953 )
mesh = ExtResource( 11 )
material/0 = null
material/1 = null

[node name="pine_tree20" type="MeshInstance" parent="Spatial6"]
transform = Transform( -0.889785, -0.0635366, 0.451937, -0.0386582, 0.997196, 0.0640819, -0.45474, 0.0395481, -0.889745, 64.9595, -5.66711, 2.73347 )
mesh = ExtResource( 11 )
material/0 = null
material/1 = null

[node name="pine_tree13" type="MeshInstance" parent="Spatial6"]
transform = Transform( -0.889785, -0.0635366, 0.451937, -0.0386582, 0.997196, 0.0640819, -0.45474, 0.0395481, -0.889745, 61.6888, -5.66712, -17.2833 )
mesh = ExtResource( 11 )
material/0 = null
material/1 = null

[node name="pine_tree14" type="MeshInstance" parent="Spatial6"]
transform = Transform( -0.889785, -0.0635366, 0.451937, -0.0386582, 0.997196, 0.0640819, -0.45474, 0.0395481, -0.889745, 74.3079, -5.66712, -4.80816 )
mesh = ExtResource( 11 )
material/0 = null
material/1 = null

[node name="pine_tree15" type="MeshInstance" parent="Spatial6"]
transform = Transform( -0.889785, -0.0635366, 0.451937, -0.0386582, 0.997196, 0.0640819, -0.45474, 0.0395481, -0.889745, 35.9936, -5.66712, -37.4222 )
mesh = ExtResource( 11 )
material/0 = null
material/1 = null

[node name="pine_tree16" type="MeshInstance" parent="Spatial6"]
transform = Transform( -0.889785, -0.0635366, 0.451937, -0.048577, 0.997822, 0.0446414, -0.453788, 0.0177675, -0.890932, 46.0225, -5.66712, -34.7609 )
mesh = ExtResource( 11 )
material/0 = null
material/1 = null

[node name="pine_tree17" type="MeshInstance" parent="Spatial6"]
transform = Transform( -0.889785, -0.0635366, 0.451937, -0.0386582, 0.997196, 0.0640819, -0.45474, 0.0395481, -0.889745, 29.5513, -5.66712, -54.5475 )
